*************************************
*              SUDOKU               *
*         by Diego Marquez          *
*             made for              *
*   Henry Kravis and George Roberts *
*               KKR                 *
*           29 JUN 2016             *
*************************************

Initial Problem
_________________

. . . . . . . . . 
. . . . . . . . . 
. . . . . . . . . 
. . . . . . . . . 
. . . . . . . . . 
. . . . . . . . . 
. . . . . . . . . 
. . . . . . . . . 
. . . . . . . . . 

Solution
_________________

. . . . . . . . . 
. . . . . . . . . 
. . . . . . . . . 
. . . . . . . . . 
. . . . . . . . . 
. . . . . . . . . 
. . . . . . . . . 
. . . . . . . . . 
. . . . . . . . . 

Hipoteses
_________________

[1 2 3 4 5 6 7 8 9][1 2 3 4 5 6 7 8 9][1 2 3 4 5 6 7 8 9][1 2 3 4 5 6 7 8 9][1 2 3 4 5 6 7 8 9][1 2 3 4 5 6 7 8 9][1 2 3 4 5 6 7 8 9][1 2 3 4 5 6 7 8 9][1 2 3 4 5 6 7 8 9]
[1 2 3 4 5 6 7 8 9][1 2 3 4 5 6 7 8 9][1 2 3 4 5 6 7 8 9][1 2 3 4 5 6 7 8 9][1 2 3 4 5 6 7 8 9][1 2 3 4 5 6 7 8 9][1 2 3 4 5 6 7 8 9][1 2 3 4 5 6 7 8 9][1 2 3 4 5 6 7 8 9]
[1 2 3 4 5 6 7 8 9][1 2 3 4 5 6 7 8 9][1 2 3 4 5 6 7 8 9][1 2 3 4 5 6 7 8 9][1 2 3 4 5 6 7 8 9][1 2 3 4 5 6 7 8 9][1 2 3 4 5 6 7 8 9][1 2 3 4 5 6 7 8 9][1 2 3 4 5 6 7 8 9]
[1 2 3 4 5 6 7 8 9][1 2 3 4 5 6 7 8 9][1 2 3 4 5 6 7 8 9][1 2 3 4 5 6 7 8 9][1 2 3 4 5 6 7 8 9][1 2 3 4 5 6 7 8 9][1 2 3 4 5 6 7 8 9][1 2 3 4 5 6 7 8 9][1 2 3 4 5 6 7 8 9]
[1 2 3 4 5 6 7 8 9][1 2 3 4 5 6 7 8 9][1 2 3 4 5 6 7 8 9][1 2 3 4 5 6 7 8 9][1 2 3 4 5 6 7 8 9][1 2 3 4 5 6 7 8 9][1 2 3 4 5 6 7 8 9][1 2 3 4 5 6 7 8 9][1 2 3 4 5 6 7 8 9]
[1 2 3 4 5 6 7 8 9][1 2 3 4 5 6 7 8 9][1 2 3 4 5 6 7 8 9][1 2 3 4 5 6 7 8 9][1 2 3 4 5 6 7 8 9][1 2 3 4 5 6 7 8 9][1 2 3 4 5 6 7 8 9][1 2 3 4 5 6 7 8 9][1 2 3 4 5 6 7 8 9]
[1 2 3 4 5 6 7 8 9][1 2 3 4 5 6 7 8 9][1 2 3 4 5 6 7 8 9][1 2 3 4 5 6 7 8 9][1 2 3 4 5 6 7 8 9][1 2 3 4 5 6 7 8 9][1 2 3 4 5 6 7 8 9][1 2 3 4 5 6 7 8 9][1 2 3 4 5 6 7 8 9]
[1 2 3 4 5 6 7 8 9][1 2 3 4 5 6 7 8 9][1 2 3 4 5 6 7 8 9][1 2 3 4 5 6 7 8 9][1 2 3 4 5 6 7 8 9][1 2 3 4 5 6 7 8 9][1 2 3 4 5 6 7 8 9][1 2 3 4 5 6 7 8 9][1 2 3 4 5 6 7 8 9]
[1 2 3 4 5 6 7 8 9][1 2 3 4 5 6 7 8 9][1 2 3 4 5 6 7 8 9][1 2 3 4 5 6 7 8 9][1 2 3 4 5 6 7 8 9][1 2 3 4 5 6 7 8 9][1 2 3 4 5 6 7 8 9][1 2 3 4 5 6 7 8 9][1 2 3 4 5 6 7 8 9]

